32
1.115190 -1.189240 0.264060 
0.310040 0.213508 0.926439 
0.000000 0.000000 
0.550880 -0.192170 0.202760 
0.342068 0.349326 0.872331 
0.000000 0.000000 
0.317240 -0.232980 0.310720 
0.247147 0.405102 0.880234 
0.000000 0.000000 
0.871450 -1.207140 0.345840 
0.298017 0.203170 0.932689 
0.000000 0.000000 
0.572420 -0.197550 -0.072430 
0.784590 0.618319 0.045827 
0.000000 0.000000 
1.127610 -1.207770 0.023710 
0.876020 0.482207 0.008092 
0.000000 0.000000 
0.899690 -1.204070 -0.106690 
0.483007 0.186173 -0.855595 
0.000000 0.000000 
0.290010 -0.257450 -0.224310 
0.344802 0.323106 -0.881314 
0.000000 0.000000 
0.661020 -1.187000 0.081330 
-0.413880 -0.793550 -0.446073 
0.000000 0.000000 
0.179330 -0.457010 0.018090 
-0.624449 -0.481471 -0.615020 
0.000000 0.000000 
-0.192600 0.138660 0.081660 
-0.833858 -0.535106 0.135433 
0.000000 0.000000 
-0.173910 0.139380 -0.123520 
-0.809438 -0.536243 -0.239276 
0.000000 0.000000 
0.268350 0.075550 0.142930 
0.304985 0.824339 0.476916 
0.000000 0.000000 
0.285240 0.068950 -0.072930 
0.441708 0.897115 0.008794 
0.000000 0.000000 
0.550880 -0.192170 0.202760 
0.785628 0.616824 0.048142 
0.000000 0.000000 
1.115190 -1.189240 0.264060 
0.874886 0.484083 0.015450 
0.000000 0.000000 
0.572420 -0.197550 -0.072430 
0.419921 0.254834 -0.871049 
0.000000 0.000000 
1.127610 -1.207770 0.023710 
0.490016 0.188300 -0.851133 
0.000000 0.000000 
0.290010 -0.257450 -0.224310 
-0.578866 -0.476620 -0.661625 
0.000000 0.000000 
0.899690 -1.204070 -0.106690 
-0.273450 -0.914467 -0.298286 
0.000000 0.000000 
0.871450 -1.207140 0.345840 
-0.714849 -0.413023 0.564272 
0.000000 0.000000 
0.317240 -0.232980 0.310720 
-0.657022 -0.416409 0.628432 
0.000000 0.000000 
0.179330 -0.457010 0.018090 
-0.668866 -0.412221 0.618621 
0.000000 0.000000 
0.661020 -1.187000 0.081330 
-0.722301 -0.429670 0.541909 
0.000000 0.000000 
-0.173910 0.139380 -0.123520 
0.139133 0.990254 0.006286 
0.000000 0.000000 
-0.192600 0.138660 0.081660 
0.133589 0.990913 0.015646 
0.000000 0.000000 
0.285240 0.068950 -0.072930 
0.235427 0.411742 -0.880365 
0.000000 0.000000 
-0.192600 0.138660 0.081660 
-0.052633 0.470645 0.880751 
0.000000 0.000000 
-0.173910 0.139380 -0.123520 
0.162506 0.417100 -0.894214 
0.000000 0.000000 
0.871450 -1.207140 0.345840 
-0.004437 -0.999833 0.017740 
0.000000 0.000000 
1.127610 -1.207770 0.023710 
0.022383 -0.999554 0.019754 
0.000000 0.000000 
1.115190 -1.189240 0.264060 
0.100211 -0.991612 0.081628 
0.000000 0.000000 
72
0
1
2
0
2
3
4
14
15
4
15
5
16
17
6
16
6
7
8
9
18
8
18
19
20
21
22
20
22
23
10
11
9
9
11
18
10
22
21
24
25
12
24
12
13
13
12
14
13
14
4
26
16
7
1
12
2
2
12
27
28
26
7
8
19
29
30
31
29
30
29
19
1
1.000000 
1.000000 1.000000 1.000000 
0.000000 0.000000 0.000000 
5.000000 
0.000000 0.000000 0.000000 
0.250000 0.250000 0.250000 
assets\model\eye.bmp 
1
0 
72 
0 
24 
0 
32 
