20
-0.070780 0.023640 -0.342230 
0.414559 -0.102042 -0.904283 
-0.547160 0.351110 
0.325280 0.046240 -0.164830 
0.411491 -0.102364 -0.905647 
-0.507550 0.348850 
0.023580 -2.051200 -0.064840 
0.433325 -0.100037 -0.895668 
-0.529320 0.535530 
-0.394150 -2.121050 -0.260730 
0.436080 -0.099737 -0.894364 
-0.568570 0.533610 
-0.394150 -2.121050 -0.260730 
-0.827290 0.074006 -0.556879 
0.000000 0.000000 
-0.620450 -2.027100 0.105260 
-0.839868 0.072515 -0.537925 
0.000000 0.000000 
-0.338250 0.095090 -0.049260 
-0.741864 0.082216 -0.665491 
0.000000 0.000000 
-0.070780 0.023640 -0.342230 
-0.725719 0.083471 -0.682909 
0.000000 0.000000 
0.023580 -2.051200 -0.064840 
0.959828 -0.156686 0.232764 
0.000000 0.000000 
0.325280 0.046240 -0.164830 
0.985669 -0.137095 0.098289 
0.000000 0.000000 
0.283180 0.072860 0.294490 
0.982791 -0.140419 0.120019 
0.000000 0.000000 
-0.071290 -1.911600 0.372700 
0.952884 -0.160052 0.257675 
0.000000 0.000000 
-0.141900 0.067890 0.325460 
0.072217 0.034699 0.996785 
0.000000 0.000000 
-0.432570 -1.911710 0.415430 
0.111067 0.020493 0.993602 
0.000000 0.000000 
0.283180 0.072860 0.294490 
0.077801 0.032663 0.996434 
0.000000 0.000000 
-0.071290 -1.911600 0.372700 
0.117430 0.018156 0.992915 
0.000000 0.000000 
-0.432570 -1.911710 0.415430 
-0.869600 0.149815 0.470480 
0.000000 0.000000 
-0.141900 0.067890 0.325460 
-0.871359 0.149187 0.467414 
0.000000 0.000000 
-0.338250 0.095090 -0.049260 
-0.871128 0.149270 0.467818 
0.000000 0.000000 
-0.620450 -2.027100 0.105260 
-0.869385 0.149891 0.470852 
0.000000 0.000000 
30
0
1
2
0
2
3
4
5
6
4
6
7
8
9
10
8
10
11
14
12
13
14
13
15
16
17
18
16
18
19
1
1.000000 
1.000000 1.000000 1.000000 
0.000000 0.000000 0.000000 
5.000000 
0.000000 0.000000 0.000000 
0.250000 0.250000 0.250000 
assets\model\eye.bmp 
1
0 
30 
0 
10 
0 
20 
