5
6
0
-0.000000,0.000000,-0.000000,1.000000
0.000000,0.000000,10.000000
-0.000000,0.000000,-0.000000,1.000000
0.000000,0.000000,0.000000
-0.000000,0.000000,-0.000000,1.000000
0.000000,0.000000,0.000000
-0.000000,0.000000,-0.000000,1.000000
0.000000,0.000000,0.000000
-0.000000,0.000000,-0.000000,1.000000
0.000000,0.000000,0.000000
10
0.034899,0.000000,-0.000000,0.999391
0.000000,0.000000,10.000000
-0.000000,0.000000,0.000000,1.000000
0.000000,0.000000,0.000000
-0.000000,0.000000,-0.008727,0.999962
0.000000,0.000000,0.000000
-0.000000,0.000000,0.000000,1.000000
0.000000,0.000000,0.000000
-0.000000,0.000000,0.008727,0.999962
0.000000,0.000000,0.000000
20
0.078459,0.000000,-0.000000,0.996917
0.000000,0.000000,10.000000
-0.000000,0.000000,0.000000,1.000000
0.000000,0.000000,0.000000
-0.000000,0.000000,-0.008727,0.999962
0.000000,0.000000,0.000000
-0.000000,0.000000,-0.043619,0.999048
0.000000,0.000000,0.000000
-0.000000,0.000000,0.052336,0.998630
0.000000,0.000000,0.000000
30
0.078459,0.000000,-0.000000,0.996917
0.000000,0.000000,10.000000
-0.000000,0.000000,0.000000,1.000000
0.000000,0.000000,0.000000
-0.000000,0.000000,-0.008727,0.999962
0.000000,0.000000,0.000000
-0.000000,0.000000,-0.043619,0.999048
0.000000,0.000000,0.000000
-0.000000,0.000000,0.052336,0.998630
0.000000,0.000000,0.000000
40
0.043619,0.000000,-0.000000,0.999048
0.000000,0.000000,10.000000
-0.000000,0.000000,0.000000,1.000000
0.000000,0.000000,0.000000
-0.000000,0.000000,-0.008727,0.999962
0.000000,0.000000,0.000000
-0.000000,0.000000,-0.017452,0.999848
0.000000,0.000000,0.000000
-0.000000,0.000000,0.017452,0.999848
0.000000,0.000000,0.000000
50
-0.034899,0.000000,-0.000000,0.999391
0.000000,0.000000,10.000000
-0.000000,0.000000,0.000000,1.000000
0.000000,0.000000,0.000000
-0.000000,0.000000,-0.008727,0.999962
0.000000,0.000000,0.000000
-0.000000,0.000000,-0.017452,0.999848
0.000000,0.000000,0.000000
-0.000000,0.000000,0.017452,0.999848
0.000000,0.000000,0.000000
